-1,-16764109,-16750900,-16777216,-26368,-39424,-16777216,-65536,-3407821,-16777216,-3407872,-6750208,-16777216,-65536,-10066330,-16777216,-6711040,-52,-16777216,-65536,-4144960,-1,-16737997,-16737997,-1,-10066330,-6750157,-16777216,-65536,-4144960,-16777216,-65536,-4144960,-16777216,-10066330,-4144960
Transition,-2,2,489,533,150,533,30,22,1

SwimLane,-1,true,262,50,403,580,1
交易网关
Decision,0,504,421,100,30
SwimLane,1,true,13,50,174,580,1
商户系统
Transition,1,2,504,436,440,436,0,21,1
N
Note,2,13,13,111,19,1
单笔交易查询接口
Transition,2,2,554,451,554,518,0,30,1
Y
Transition,4,3,372,452,372,533,150,533,21,22,2
出参
后台数据流，实时返回【4】
InitialState,5,87,88
ActionState,6,50,149,100,30,1
组织数据
ActionState,11,413,148,100,30,1
接收数据
Transition,14,2,150,163,413,163,6,11,2
入参
后台数据流【1】
Transition,15,2,99,113,99,149,5,6,1

ActionState,16,409,207,109,30,1
数据校验【2】
Transition,18,2,463,178,463,207,11,16,1

Decision,19,413,283,100,30
Transition,20,2,463,237,463,283,16,19,1
判结果
ActionState,21,307,422,133,30,1
组织失败结果【3】
ActionState,22,50,518,100,30,1
接收结果
FinalState,23,82,592
Transition,25,2,99,548,99,592,22,23,1

Transition,26,2,453,313,382,422,19,21,1
N
ActionState,27,483,355,145,30,1
查询支付记录表【5】
Transition,28,2,482,313,535,355,19,27,1
Y
ActionState,30,489,518,133,30,1
组织结果【6】
Transition,32,2,554,385,554,421,27,0,1
判存在