-1,-16764109,-16750900,-16777216,-26368,-39424,-16777216,-65536,-3407821,-16777216,-3407872,-6750208,-16777216,-65536,-10066330,-16777216,-6711040,-52,-16777216,-65536,-4144960,-1,-16737997,-16737997,-1,-10066330,-6750157,-16777216,-65536,-4144960,-16777216,-65536,-4144960,-16777216,-10066330,-4144960
SwimLane,-1,true,236,55,434,749,1
交易网关
Decision,0,505,426,100,30
ActionState,0,489,522,133,30,1
向银行查询【6】
SwimLane,1,true,13,55,202,750,1
商户后台系统
Transition,1,2,505,441,440,441,0,21,1
N
Note,2,13,18,135,19,1
强制单笔交易查询接口
Transition,2,2,555,456,555,522,0,0,1
Y
ActionState,2,489,682,133,30,1
组织结果【8】
Transition,3,2,555,552,555,598,0,30,1

Transition,4,4,373,457,373,693,374,696,164,696,21,22,2
出参
后台数据流，实时返回【4】
Transition,4,2,555,628,555,682,30,2,1

InitialState,5,101,93
ActionState,6,64,154,100,30,1
组织数据
Transition,10,2,489,696,164,696,2,22,1

ActionState,11,403,153,100,30,1
接收数据
Transition,14,2,164,168,403,168,6,11,2
入参
后台数据流【1】
Transition,15,2,113,118,113,154,5,6,1

ActionState,16,398,212,109,30,1
数据校验【2】
Transition,18,2,452,183,452,212,11,16,1

Decision,19,403,288,100,30
Transition,20,2,452,242,452,288,16,19,1
判结果
ActionState,21,307,427,133,30,1
组织失败结果【3】
ActionState,22,64,681,100,30,1
接收结果
FinalState,23,96,755
Transition,25,2,113,711,113,755,22,23,1

Transition,26,2,444,318,381,427,19,21,1
N
ActionState,27,483,360,145,30,1
查询支付记录表【5】
Transition,28,2,474,318,533,360,19,27,1
Y
ActionState,30,489,598,133,30,1
修改结果【7】
Transition,32,2,555,390,555,426,27,0,1
判存在