-1,-16764109,-16750900,-16777216,-26368,-39424,-16777216,-65536,-3407821,-16777216,-3407872,-6750208,-16777216,-65536,-10066330,-16777216,-6711040,-52,-16777216,-65536,-4144960,-1,-16737997,-16737997,-1,-10066330,-6750157,-16777216,-65536,-4144960,-16777216,-65536,-4144960,-16777216,-10066330,-4144960
Note,1,13,19,135,19,1
成功交易异步通知设计
SwimLane,2,true,14,51,343,581,1
交易网关
SwimLane,3,true,395,51,259,582,1
商户系统
InitialState,4,173,109
ActionState,5,119,174,133,30,1
查询支付记录【2】
Note,6,233,80,94,19,1
设计说明【1】
NoteLink,11,2,250,99,198,116,6,4,1

ActionState,12,131,251,109,30,1
组织数据【3】
Note,13,240,212,63,20,1
循环每笔
NoteLink,14,2,251,232,214,251,13,12,1

ActionState,15,474,252,100,30,1
接受数据
ActionState,16,474,338,100,30,1
组织结果
ActionState,18,135,339,100,30,1
得到结果
Decision,19,135,416,100,30
Transition,20,2,185,369,185,416,18,19,1
判断结果【6】
ActionState,21,36,484,133,30,1
修改支付记录【7】
Transition,22,2,166,446,120,484,19,21,1
Y
ActionState,23,201,483,133,30,1
修改支付记录【8】
Transition,24,2,203,446,248,483,19,23,1
N
Transition,25,2,240,266,474,266,12,15,2
支付结果通知接口，入参
后台数据流【4】
Transition,26,2,524,282,524,338,15,16,1
逻辑处理
Transition,27,2,474,353,235,353,16,18,2
输出结果
后台数据流，实时返回【5】
Transition,28,2,185,134,185,174,4,5,1

Transition,29,2,185,204,185,251,5,12,1

FinalState,30,168,570
Transition,31,2,116,514,168,570,21,30,1

Transition,32,2,253,513,200,570,23,30,1
