-1,-16764109,-16750900,-16777216,-26368,-39424,-16777216,-65536,-3407821,-16777216,-3407872,-6750208,-16777216,-65536,-10066330,-16777216,-6711040,-52,-16777216,-65536,-4144960,-1,-16737997,-16737997,-1,-10066330,-6750157,-16777216,-65536,-4144960,-16777216,-65536,-4144960,-16777216,-10066330,-4144960
Transition,-2,2,484,471,146,471,30,22,1

SwimLane,-1,true,262,50,395,562,1
交易网关
SwimLane,1,true,13,50,166,562,1
商户系统
Note,2,13,13,93,19,1
获取token接口
Transition,4,3,373,372,373,471,146,471,21,22,2
出参
后台数据流，实时返回【4】
InitialState,5,83,88
ActionState,6,46,149,100,30,1
组织数据
ActionState,11,409,148,100,30,1
接收数据
Transition,14,2,146,163,409,163,6,11,2
入参
后台数据流【1】
Transition,15,2,95,113,95,149,5,6,1

ActionState,16,381,208,157,30,1
数据校验及验签名【2】
Transition,18,2,459,178,459,208,11,16,1

Decision,19,409,280,100,30
Transition,20,2,459,238,459,280,16,19,1
判结果
ActionState,21,308,342,133,30,1
组织失败结果【3】
ActionState,22,46,456,100,30,1
接收结果
FinalState,23,78,530
Transition,25,2,95,486,95,530,22,23,1

Transition,26,2,438,310,394,342,19,21,1
N
ActionState,27,487,342,127,30,1
创建token串【5】
Transition,28,2,481,310,527,342,19,27,1
Y
ActionState,30,484,456,133,30,1
组织成功结果【6】
Transition,32,2,550,372,550,456,27,30,1
